764943093312782347
1144417183607296000
611637946319241217
755433813852684299
502119818837753856
829097895067779164
1135990028481351720
751794141406429224
1068590879046123531
823508678841204817
702251886581121144
1043677793814331483
741576534938353674
916420341469962270
653863592084635655
889541948942213130
585808140524584962
1123526697841594378
559753958889881601
776860012987154463
540584643439886336
676142304452411451
833821334760062986
803209024144146473
814581172537393183
703175004879192158
1057713284293337249
1156482172497182720
1112853034385555566
1034002082602172446
465583733920104448
1131284510827368508
1117414824255705118
157469411685564416
369100120022843404
450103512693735426
902165934494593034
917797249273196635
426022532228055050
402209881190563841
761958632228519988
849015966364598282
848189157536825374
302080338681659393
490670553259048970
480479894216769557
338719331061858305
813391054824669184
799959794701565953
783300970683432972
1076093418838704231
1149811243180376194
956510620289736725
371039814080004127
603528450262695964
984514089600581672
461697121628848128
669667112507408386
702842177524465685
781513254743834654
294464729865519104
630093327303442432
844516993138163722
1019980223057494168
956802246023196712
953691862244401194
326784683130224649
777611922241617931
459894266349617162
610851299591716884
826106637910540339
340881961402761218
710128298319020204
1156325089147625594
1147553673942143076
688775066237927455
427919280970137630
387380013403734016
789646366418010123
453927576818286594
769154084883791874
931287116003037224
771335204916559912
441364050706694144
445265241505529866
214125269542240258
774434893845233674
776200916511621151
519173891231318026
721322135624220733
607937911559684100
602248792737185864
960461428052094976
1020361142343827496
1134189125474455702
517002238841978891
242656662509453322
1133570742538211328
850375436981764096
691753823684919297
238069161169780736
982367582990532628
846077453364494358
347316075358322689
656493526401679370
323106393173393418
709311226319994950
1070721825937575976
906122806121615360
1023953299440926740
925132213459234867
500756721694670878
430709409111605248
484694700024922115
311219469001162752
691664142968422470
737706740233273545
463145618580176897
933314319238709328
472318690314944514
568820131355164672
1042319632645763133
670959657753378827
749297893214650429
1070650892749119499
928709099942719489
961589478697369651
434759865953550336
634833128439021621
621276134625116179
885202095161114664
717652450542092338
333322355625689098
1014370199761342585
814093118277943326
820987924752367616
520067252616167444
611466027263328256
531889895774617648
770397855621578764
737724014973288528
928715322775720017
772241675945771009
1047607827897786492
516299000694046750
513080820773158945
544649337813205016
1162133719558127666
1036665249027326022
623178466338275342
1030160261895696574
354323475395248148
688471004325871784
576134838873096200
948983850871189534
934800279537324102
879330785117757440
392738062267973633
200185489276272641
604275522352185356
925176721509064715
705541482819616838
699906682989314188
370891148522422274
336077972232470528
501502135377068043
813541902854520847
718408176193503282
345539427512221696
475193373666574336
1062402658406760468
678699923956301844
432548994581921793
761678589438853181
928673218926084156
792072409871941662
761970752718372874
433953675573198858
781453343020417034
1176982659130462309
1132763136450121889
613367509629927424
1031600169537511485
1038431063044796426
162615175914979330
947838309856596040
1078852272534073377
1052697924674539623
1107092290482221096
1169369083108663306
1133814630788116480
454881253284511765
1040652973702905886
541574933663186946
531823280470884352
1133115065223086120
435785967538798593
435471707059519489
1129595455584612422
872746785733480469
294353053220339712
489168183522230273
379782984959655941
592767599968780310
1143909863462817843
503242462211473438
1061427273430999202
441682216062550038
1156251781924392961
890350766911520818
913580430777786369
917498515310133328
761625160834744350
1044440691637497947
598504082650693701
672454409191555082
863136869276450867
952954619892469910
775402488189681704
797857325813465088
1097993028343443487
853329338975256586
263274859277189121
833331044521345044
415606582429220865
837061012737622056
474638034424430593
987264060120764436
929420580330020884
774203674393313290
1059803208651915285
897234509261598740
778010673182801961
243103699013074944
689869283454746640
541318535562002454
533744336760864801
842822999555833868
666280842745741322
1085193715691311234
453914201522569227
726536862696603760
601451701173747723
748269129500459180
245295415103193088
1109423337345650739
1059077422672265247
689776145323130964
1068545923795394663
776043997113221132
830078470653739058
750847094000189561
625398140412887060
758249622732144660
432124362431266816
436561847009935381
608241119435948042
701821810911608932
932673477490659408
486224651903565846
833330548239237121
799775400448360459
484449583171108878
868200000360955964
697091060148731944
1003791937532334089
712759531091787816
1164661783282339843
1083160140691292161
893470557994110986
549342584838029315
694930571616583830
1016269118908932156
557216313974718466
797064508236496917
829463613151379497
1039101103779889182
832215331849895937
809030261730705479
1008604082765836338
768477293156499486
787817766220070942
1150557813198815253
525352631304978456
885177701902725220
979428887178121256
870692493665140817
805118426208141364
937914679303471218
674340581484527626
1133120996082196510
429219177119875072
752947432173600798
572174424984518666
1093945272163369031
552014831046361098
495234841135284234
584194768343400452
1134242537645801674
1091535100879052810
956270168286310490
748902493148151859
808765756945989692
935870868184264725
554345185681735681
1032621192487653416
820675385133236256
927266753120178196
1055261994388815892
639343223139074048
802309698186641428
1105553413816725614
428953985831927809
270283403000021002
709141301357969528
761673582979186768
754301496505532526
1026852719367041094
633317506655846410
1148834485748633650
1044652251546910741
1060876047039606804
948317567079030815
395931011617128452
629406261389295662
818423168447676416
941565802195337257
1144317378625290391
1133573249092026538
562348373005303808
833795058888081478
827836639102632017
763102804260028438
824940184332140567
622758285103071232
702843301857984592
554034877201121292
904378060982349936
1141700287954964571
925099360868507728
482891329819377664
696979423764807721
593093146301169674
315253613641596928
591166353520590867
586480009192144897
941344640525811772
1012681234993917962
1065748071440461864
711298363080966186
780508179322372106
804106980960501811
365781375044943873
904752642608222268
755823899521843291
928743475699130388
437588984571625483
461060995515678721
925806684516007956
1024743358897324052
752302296414552086
210030985109045249
1037320388675387433
697262720868679700
1014530139268321300
786349891856498689
1088580792499835132
483902454099083264
1067418273077018704
694610466974204065
551831575407493131
761629580603686914
693088094211145858
1154468523138101320
831274942817370113
443792573253943306
1022706890293125220
1145820144929624076
712103217734877265
797596649802301522
779398481542512670
560579622115213323
913558183333724191
1130831069587968030
807360714716086272
694918838503866480
754830310822117537
956257100495982652
1126679942910980106
807731554662088714
464407889319034880
307191464469856261
902638780610125895
884155595630981190
1133656861229449237
205052400396926976
806582849893433404
796078034909134858
865518847523946506
1108005750606930070
367448360011038732
770026183286718535
1060659879930503208
395162724906172416
569063302303449088
1068163298727579648
783010439557939241
290847254695116811
1033334521531220029
932088701662683156
484466281672867841
864508026131972107
776069680132784168
735599116955943023
481447480446156811
998562964590317589
771450083669180457
702926269939056771
387375870484152321
927925911783866379
752863391055347782
788407225889980466
928745736760344658
618136185776242699
812012311849074749
402504971381374976
559016366640726036
643026555458682892
1095764966562349066
1096165642454966302
282882158190919680
966269256746545192
292962930302124035
518082016970014749
745289601677000874
987469768367939626
693461671909523506
453621770893787141
774698491292549172
712228813127548928
460869272470683649
1131046858958057513
185700715455447041
556478030047084553
1133708620136190002
885512847143092245
340128547266101258
525814234412482573
1062826826055024770
292049081394659328
716986236706881627
416627331805872128
707665247749800086
395503643077378059
848665236588068895
804761614359593022
928359710682394664
392430683567685632
474635084536872983
329374490192510976
993575710482518159
874831633235189760
884351766890684436
452585418316185600
1077621424094724227
987826191744507974
713086599029587988
1178435863206690927
787809172333920286
660842729638461510
836557120338001941
597719177633071104
685400998524616721
1110000144855871589
435498242042494976
1013219524528590918
405812839635222562
457972487804944385
703363528572141568
